{
 "elements": [
  "Mo",
  "Nb",
  "Ti",
  "Mo"
 ],
 "sampling_sss": [
  201.451692,
  222.30873,
  256.047053,
  166.068312,
  202.318883,
  117.737632,
  222.709332,
  167.011674,
  175.851829,
  103.044966,
  149.576899,
  73.754141,
  154.379556,
  134.670914,
  78.230325,
  242.040021,
  88.133854,
  136.499485,
  124.857631,
  184.133544,
  112.556142,
  246.729167,
  161.908032,
  209.998192,
  202.598851,
  52.203184,
  192.565716,
  166.939679,
  207.97704,
  54.066471,
  94.949903,
  233.419603,
  60.549024,
  151.810028,
  166.890184,
  234.435823,
  189.828703,
  187.972149,
  184.3374,
  200.423974,
  230.09613,
  232.355155,
  233.954687,
  235.083425,
  243.678986,
  240.257535,
  198.896194,
  236.895071,
  233.352685,
  233.340615,
  231.231147,
  230.09613,
  217.759963,
  203.251219,
  219.291206,
  245.006788,
  236.917866,
  232.179225,
  229.530239,
  232.302416,
  223.458851,
  230.09613,
  216.734532,
  198.903607,
  212.854493,
  186.807814,
  194.033616,
  277.023272,
  206.845962,
  223.618749,
  267.856841,
  285.35624,
  163.858107,
  224.249486,
  306.973796,
  307.706429,
  301.935387,
  285.982595,
  311.365622,
  262.293106,
  270.765353,
  307.707622,
  310.958519,
  309.071383,
  277.012848,
  290.334994,
  310.259441,
  264.837253
 ],
 "sampling_D": [
  1.355264,
  1.361573,
  1.349419,
  1.327528,
  1.317733,
  1.27768,
  1.317635,
  1.42953,
  1.29229,
  1.270126,
  1.371987,
  1.266888,
  1.536312,
  1.281646,
  1.261874,
  1.327728,
  1.262928,
  1.440802,
  1.282026,
  1.308863,
  1.302895,
  1.333309,
  1.299013,
  1.309394,
  1.372292,
  1.232488,
  1.310428,
  1.304293,
  1.316662,
  1.235823,
  1.267635,
  1.320864,
  1.240687,
  1.78871,
  1.772161,
  1.63592,
  1.755484,
  1.738819,
  1.722227,
  1.706424,
  1.691087,
  1.676347,
  1.662201,
  1.64862,
  2.008875,
  1.9308,
  1.586342,
  1.866427,
  1.812125,
  1.765753,
  1.72593,
  1.691087,
  1.660436,
  1.632823,
  1.608305,
  1.436678,
  1.475719,
  1.515399,
  1.556287,
  1.599426,
  1.644184,
  1.691087,
  1.740338,
  1.791354,
  1.844442,
  1.460143,
  1.477705,
  1.43453,
  1.443578,
  1.51867,
  1.756184,
  1.537177,
  1.760962,
  1.447505,
  1.434219,
  1.424158,
  1.444642,
  1.481132,
  1.447856,
  1.360334,
  1.389033,
  1.426266,
  1.442916,
  1.42999,
  1.392533,
  1.40351,
  1.441967,
  1.370933
 ],
 "sampling_concentration": [
  [
   0.3334,
   0.3334,
   0.3332,
   0.0
  ],
  [
   0.5,
   0.25,
   0.25,
   0.0
  ],
  [
   0.4694,
   0.4366,
   0.094,
   0.0
  ],
  [
   0.2544,
   0.6956,
   0.05,
   0.0
  ],
  [
   0.3296,
   0.559,
   0.1114,
   0.0
  ],
  [
   0.144,
   0.5398,
   0.3162,
   0.0
  ],
  [
   0.3882,
   0.4382,
   0.1736,
   0.0
  ],
  [
   0.25,
   0.25,
   0.5,
   0.0
  ],
  [
   0.25,
   0.5,
   0.25,
   0.0
  ],
  [
   0.1264,
   0.6176,
   0.256,
   0.0
  ],
  [
   0.6652,
   0.1318,
   0.203,
   0.0
  ],
  [
   0.0786,
   0.3568,
   0.5646,
   0.0
  ],
  [
   0.5386,
   0.0536,
   0.4078,
   0.0
  ],
  [
   0.1682,
   0.5822,
   0.2496,
   0.0
  ],
  [
   0.0834,
   0.6592,
   0.2574,
   0.0
  ],
  [
   0.4496,
   0.404,
   0.1464,
   0.0
  ],
  [
   0.0924,
   0.5548,
   0.3528,
   0.0
  ],
  [
   0.6352,
   0.0626,
   0.3022,
   0.0
  ],
  [
   0.158,
   0.5564,
   0.2856,
   0.0
  ],
  [
   0.2718,
   0.5124,
   0.2158,
   0.0
  ],
  [
   0.1336,
   0.4176,
   0.4488,
   0.0
  ],
  [
   0.4658,
   0.4106,
   0.1236,
   0.0
  ],
  [
   0.2174,
   0.536,
   0.2466,
   0.0
  ],
  [
   0.3484,
   0.4978,
   0.1538,
   0.0
  ],
  [
   0.6302,
   0.2944,
   0.0754,
   0.0
  ],
  [
   0.0502,
   0.5382,
   0.4116,
   0.0
  ],
  [
   0.2922,
   0.5156,
   0.1922,
   0.0
  ],
  [
   0.2318,
   0.5834,
   0.1848,
   0.0
  ],
  [
   0.3412,
   0.471,
   0.1878,
   0.0
  ],
  [
   0.0524,
   0.577,
   0.3706,
   0.0
  ],
  [
   0.1102,
   0.5656,
   0.3242,
   0.0
  ],
  [
   0.4272,
   0.4022,
   0.1706,
   0.0
  ],
  [
   0.0612,
   0.567,
   0.3718,
   0.0
  ],
  [
   0.1176,
   0.2942,
   0.2942,
   0.294
  ],
  [
   0.1428,
   0.2858,
   0.2858,
   0.2856
  ],
  [
   0.3182,
   0.2272,
   0.2272,
   0.2274
  ],
  [
   0.1666,
   0.2778,
   0.2778,
   0.2778
  ],
  [
   0.1892,
   0.2702,
   0.2702,
   0.2704
  ],
  [
   0.2106,
   0.2632,
   0.2632,
   0.263
  ],
  [
   0.2308,
   0.2564,
   0.2564,
   0.2564
  ],
  [
   0.25,
   0.25,
   0.25,
   0.25
  ],
  [
   0.2682,
   0.244,
   0.244,
   0.2438
  ],
  [
   0.2858,
   0.238,
   0.238,
   0.2382
  ],
  [
   0.3024,
   0.2326,
   0.2326,
   0.2324
  ],
  [
   0.2942,
   0.1176,
   0.2942,
   0.294
  ],
  [
   0.2858,
   0.1428,
   0.2858,
   0.2856
  ],
  [
   0.2272,
   0.3182,
   0.2272,
   0.2274
  ],
  [
   0.2778,
   0.1666,
   0.2778,
   0.2778
  ],
  [
   0.2702,
   0.1892,
   0.2702,
   0.2704
  ],
  [
   0.2632,
   0.2106,
   0.2632,
   0.263
  ],
  [
   0.2564,
   0.2308,
   0.2564,
   0.2564
  ],
  [
   0.25,
   0.25,
   0.25,
   0.25
  ],
  [
   0.244,
   0.2682,
   0.244,
   0.2438
  ],
  [
   0.238,
   0.2858,
   0.238,
   0.2382
  ],
  [
   0.2326,
   0.3024,
   0.2326,
   0.2324
  ],
  [
   0.3572,
   0.3572,
   0.1428,
   0.1428
  ],
  [
   0.3334,
   0.3334,
   0.1666,
   0.1666
  ],
  [
   0.3124,
   0.3124,
   0.1874,
   0.1878
  ],
  [
   0.2942,
   0.2942,
   0.2058,
   0.2058
  ],
  [
   0.2778,
   0.2778,
   0.2222,
   0.2222
  ],
  [
   0.2632,
   0.2632,
   0.2368,
   0.2368
  ],
  [
   0.25,
   0.25,
   0.25,
   0.25
  ],
  [
   0.238,
   0.238,
   0.262,
   0.262
  ],
  [
   0.2272,
   0.2272,
   0.2728,
   0.2728
  ],
  [
   0.2174,
   0.2174,
   0.2826,
   0.2826
  ],
  [
   0.161,
   0.355,
   0.1136,
   0.3704
  ],
  [
   0.1682,
   0.3764,
   0.1386,
   0.3168
  ],
  [
   0.575,
   0.1344,
   0.1082,
   0.1824
  ],
  [
   0.2364,
   0.4182,
   0.153,
   0.1924
  ],
  [
   0.315,
   0.3132,
   0.2402,
   0.1316
  ],
  [
   0.3626,
   0.1172,
   0.232,
   0.2882
  ],
  [
   0.2938,
   0.1428,
   0.112,
   0.4514
  ],
  [
   0.1144,
   0.185,
   0.1992,
   0.5014
  ],
  [
   0.2432,
   0.3902,
   0.1244,
   0.2422
  ],
  [
   0.5122,
   0.1354,
   0.0826,
   0.2698
  ],
  [
   0.5312,
   0.1056,
   0.0716,
   0.2916
  ],
  [
   0.518,
   0.1272,
   0.0924,
   0.2624
  ],
  [
   0.48,
   0.1288,
   0.1138,
   0.2774
  ],
  [
   0.47268,
   0.12058,
   0.08064,
   0.3261
  ],
  [
   0.4839,
   0.39488,
   0.10604,
   0.01518
  ],
  [
   0.65184,
   0.06872,
   0.07158,
   0.20786
  ],
  [
   0.54724,
   0.11534,
   0.07268,
   0.26474
  ],
  [
   0.4938,
   0.12058,
   0.08064,
   0.30498
  ],
  [
   0.52932,
   0.11566,
   0.0731,
   0.28192
  ],
  [
   0.63892,
   0.07326,
   0.0692,
   0.21862
  ],
  [
   0.59046,
   0.087,
   0.06176,
   0.26078
  ],
  [
   0.5007,
   0.12524,
   0.08064,
   0.29342
  ],
  [
   0.4797,
   0.38518,
   0.10804,
   0.02708
  ]
 ],
 "pareto_front_concentration": [
  [
   0.0502,
   0.51862,
   0.43118,
   0.0
  ],
  [
   0.05298,
   0.5225,
   0.42452,
   0.0
  ],
  [
   0.05696,
   0.51736,
   0.42568,
   0.0
  ],
  [
   0.0599,
   0.52866,
   0.41144,
   0.0
  ],
  [
   0.06248,
   0.53012,
   0.4074,
   0.0
  ],
  [
   0.06866,
   0.50682,
   0.42452,
   0.0
  ],
  [
   0.07356,
   0.5276,
   0.39884,
   0.0
  ],
  [
   0.07882,
   0.52292,
   0.39826,
   0.0
  ],
  [
   0.08234,
   0.53788,
   0.37978,
   0.0
  ],
  [
   0.08632,
   0.53188,
   0.3818,
   0.0
  ],
  [
   0.0879,
   0.53036,
   0.38174,
   0.0
  ],
  [
   0.09464,
   0.5541,
   0.35126,
   0.0
  ],
  [
   0.09488,
   0.52746,
   0.37766,
   0.0
  ],
  [
   0.10158,
   0.51792,
   0.3805,
   0.0
  ],
  [
   0.1098,
   0.52868,
   0.36152,
   0.0
  ],
  [
   0.11556,
   0.53346,
   0.35098,
   0.0
  ],
  [
   0.12006,
   0.52708,
   0.35286,
   0.0
  ],
  [
   0.12392,
   0.52306,
   0.35302,
   0.0
  ],
  [
   0.1314,
   0.51214,
   0.35646,
   0.0
  ],
  [
   0.13688,
   0.51216,
   0.35096,
   0.0
  ],
  [
   0.14186,
   0.5281,
   0.32978,
   0.00026
  ],
  [
   0.1473,
   0.51924,
   0.33346,
   0.0
  ],
  [
   0.16284,
   0.5974,
   0.23976,
   0.0
  ],
  [
   0.16858,
   0.60442,
   0.227,
   0.0
  ],
  [
   0.1689,
   0.60542,
   0.22568,
   0.0
  ],
  [
   0.17836,
   0.59596,
   0.22568,
   0.0
  ],
  [
   0.18772,
   0.55396,
   0.25832,
   0.0
  ],
  [
   0.1925,
   0.51396,
   0.29354,
   0.0
  ],
  [
   0.20582,
   0.56174,
   0.23244,
   0.0
  ],
  [
   0.2105,
   0.5541,
   0.2354,
   0.0
  ],
  [
   0.21728,
   0.56174,
   0.22098,
   0.0
  ],
  [
   0.22436,
   0.52754,
   0.2481,
   0.0
  ],
  [
   0.24754,
   0.52716,
   0.2253,
   0.0
  ],
  [
   0.26078,
   0.52736,
   0.21186,
   0.0
  ],
  [
   0.27794,
   0.52892,
   0.19314,
   0.0
  ],
  [
   0.29034,
   0.50398,
   0.20568,
   0.0
  ],
  [
   0.30152,
   0.48512,
   0.21336,
   0.0
  ],
  [
   0.30626,
   0.48512,
   0.20862,
   0.0
  ],
  [
   0.32622,
   0.48872,
   0.18506,
   0.0
  ],
  [
   0.34854,
   0.47094,
   0.18052,
   0.0
  ],
  [
   0.35488,
   0.45198,
   0.19314,
   0.0
  ],
  [
   0.37646,
   0.4434,
   0.18014,
   0.0
  ],
  [
   0.38238,
   0.4371,
   0.18052,
   0.0
  ],
  [
   0.40012,
   0.41974,
   0.18014,
   0.0
  ],
  [
   0.40886,
   0.41282,
   0.17832,
   0.0
  ],
  [
   0.42912,
   0.39176,
   0.17912,
   0.0
  ],
  [
   0.45054,
   0.36272,
   0.18674,
   0.0
  ],
  [
   0.46374,
   0.35854,
   0.17772,
   0.0
  ],
  [
   0.4936,
   0.3502,
   0.15496,
   0.00124
  ],
  [
   0.50324,
   0.35854,
   0.13822,
   0.0
  ],
  [
   0.48798,
   0.3502,
   0.15496,
   0.00686
  ],
  [
   0.48442,
   0.39968,
   0.1159,
   0.0
  ],
  [
   0.48834,
   0.40404,
   0.10762,
   0.0
  ],
  [
   0.50856,
   0.3857,
   0.10552,
   0.00022
  ],
  [
   0.48634,
   0.40652,
   0.10314,
   0.004
  ],
  [
   0.48358,
   0.40652,
   0.10314,
   0.00676
  ],
  [
   0.48558,
   0.39826,
   0.1058,
   0.01036
  ],
  [
   0.46984,
   0.38998,
   0.11962,
   0.02056
  ],
  [
   0.49938,
   0.36156,
   0.11838,
   0.02068
  ],
  [
   0.46974,
   0.38874,
   0.115,
   0.02652
  ],
  [
   0.47642,
   0.38874,
   0.10836,
   0.02648
  ],
  [
   0.46446,
   0.39604,
   0.10816,
   0.03134
  ],
  [
   0.48112,
   0.39282,
   0.0989,
   0.02716
  ],
  [
   0.477,
   0.39282,
   0.0989,
   0.03128
  ],
  [
   0.6353,
   0.06376,
   0.06306,
   0.23788
  ],
  [
   0.6343,
   0.06524,
   0.0652,
   0.23526
  ],
  [
   0.6343,
   0.06524,
   0.0652,
   0.23526
  ],
  [
   0.62922,
   0.07232,
   0.06182,
   0.23664
  ],
  [
   0.62922,
   0.07232,
   0.06182,
   0.23664
  ],
  [
   0.60618,
   0.07172,
   0.06192,
   0.26018
  ],
  [
   0.60618,
   0.07172,
   0.06192,
   0.26018
  ],
  [
   0.59984,
   0.07172,
   0.06776,
   0.26068
  ],
  [
   0.62356,
   0.08604,
   0.06102,
   0.22938
  ],
  [
   0.60212,
   0.08604,
   0.06832,
   0.24352
  ],
  [
   0.59996,
   0.0902,
   0.06748,
   0.24236
  ],
  [
   0.60844,
   0.09742,
   0.06832,
   0.22582
  ],
  [
   0.6007,
   0.10024,
   0.06832,
   0.23074
  ],
  [
   0.59092,
   0.09804,
   0.07574,
   0.2353
  ],
  [
   0.5695,
   0.10546,
   0.07304,
   0.252
  ],
  [
   0.56176,
   0.10458,
   0.07304,
   0.26062
  ],
  [
   0.558,
   0.1147,
   0.07306,
   0.25424
  ],
  [
   0.54186,
   0.12002,
   0.07306,
   0.26506
  ],
  [
   0.50836,
   0.11636,
   0.07056,
   0.30472
  ],
  [
   0.50282,
   0.11738,
   0.0751,
   0.3047
  ],
  [
   0.49752,
   0.11738,
   0.08038,
   0.30472
  ],
  [
   0.47258,
   0.12226,
   0.07916,
   0.326
  ]
 ],
 "pareto_front_sss": [
  52.643681,
  54.973529,
  57.927334,
  60.554598,
  62.589152,
  66.757105,
  71.091698,
  75.070442,
  77.611945,
  80.658406,
  81.854994,
  85.664854,
  87.038923,
  92.092989,
  97.614777,
  101.340149,
  104.700153,
  107.515346,
  113.063047,
  116.649889,
  118.854062,
  122.71819,
  129.827469,
  134.243642,
  134.542686,
  139.866345,
  143.989296,
  148.400959,
  154.472122,
  156.835493,
  160.656405,
  163.828306,
  174.804077,
  180.505578,
  186.85432,
  191.952496,
  195.899834,
  197.553164,
  203.894384,
  211.034854,
  212.870134,
  219.426043,
  221.075214,
  225.818255,
  228.139227,
  232.691729,
  235.653885,
  238.884421,
  245.838547,
  248.081636,
  248.953624,
  252.163365,
  254.399165,
  254.975243,
  257.724374,
  259.102266,
  260.431597,
  260.799252,
  261.133872,
  263.348474,
  264.695267,
  264.952934,
  265.784801,
  266.130568,
  266.163609,
  269.08014,
  269.08014,
  274.468095,
  274.468095,
  277.120698,
  277.120698,
  281.063296,
  284.2812,
  292.245075,
  294.462079,
  296.253253,
  298.392841,
  300.634296,
  304.946398,
  305.483983,
  306.97392,
  308.157752,
  308.978915,
  310.490671,
  310.797057,
  311.35222
 ],
 "pareto_front_D": [
  1.234168,
  1.235989,
  1.23836,
  1.240287,
  1.241831,
  1.245312,
  1.247961,
  1.250768,
  1.252562,
  1.254508,
  1.255293,
  1.258572,
  1.258713,
  1.262079,
  1.265294,
  1.267678,
  1.269517,
  1.271209,
  1.274766,
  1.276745,
  1.277827,
  1.279638,
  1.283051,
  1.285045,
  1.285204,
  1.287075,
  1.288343,
  1.291777,
  1.292178,
  1.293064,
  1.294551,
  1.296285,
  1.299816,
  1.30184,
  1.304803,
  1.306127,
  1.308005,
  1.308434,
  1.310859,
  1.313384,
  1.313939,
  1.316106,
  1.316672,
  1.318372,
  1.319191,
  1.321165,
  1.324166,
  1.324542,
  1.32898,
  1.331193,
  1.33577,
  1.338374,
  1.342672,
  1.34527,
  1.349505,
  1.352487,
  1.355269,
  1.358971,
  1.360978,
  1.366786,
  1.369999,
  1.374036,
  1.375539,
  1.379069,
  1.384705,
  1.386628,
  1.386628,
  1.390773,
  1.390773,
  1.393137,
  1.393137,
  1.396677,
  1.399773,
  1.404333,
  1.406497,
  1.409004,
  1.41136,
  1.413774,
  1.419611,
  1.420707,
  1.424793,
  1.4293,
  1.433533,
  1.437136,
  1.441175,
  1.447136
 ]
}